1.000000000000000048e-04 1.840552466557361449e-04
2.500000000000000000e-01 7.909464197909790717e-02
5.000000000000000000e-01 1.553242000383248944e-01
7.500000000000000000e-01 2.274130678922426374e-01
1.000000000000000000e+00 2.948357758860725153e-01
1.250000000000000000e+00 3.572920750365506382e-01
1.500000000000000000e+00 4.152388233449362809e-01
1.750000000000000000e+00 4.672764712713207702e-01
2.000000000000000000e+00 5.150726660068140061e-01
2.250000000000000000e+00 5.576580250927049009e-01
2.500000000000000000e+00 5.967568313971125527e-01
2.750000000000000000e+00 6.316815916821734156e-01
3.000000000000000000e+00 6.632932364603910669e-01
3.250000000000000000e+00 6.916627154969672286e-01
3.500000000000000000e+00 7.169690839138492811e-01
3.750000000000000000e+00 7.402129961486989540e-01
4.000000000000000000e+00 7.610514258358790363e-01
4.250000000000000000e+00 7.797172276310957439e-01
4.500000000000000000e+00 7.966843299436882075e-01
4.750000000000000000e+00 8.125997773013801107e-01
5.000000000000000000e+00 8.264125990364538099e-01
5.250000000000000000e+00 8.393533435736456605e-01
5.500000000000000000e+00 8.508361678948813678e-01
5.750000000000000000e+00 8.620699287628166285e-01
6.000000000000000000e+00 8.726066629983119105e-01
6.250000000000000000e+00 8.824593681407855161e-01
6.500000000000000000e+00 8.917246738238520098e-01
